tensor([[[[2.2489, 2.2489, 2.2489,  ..., 2.2489, 2.2489, 2.2489],
          [2.2489, 2.2489, 2.2489,  ..., 2.2489, 2.2489, 2.2489],
          [2.2489, 2.2489, 2.2489,  ..., 2.2489, 2.2489, 2.2489],
          ...,
          [2.2489, 2.2489, 2.2489,  ..., 1.5468, 2.2489, 2.2489],
          [2.2489, 2.2489, 2.2489,  ..., 1.5468, 2.2489, 2.2489],
          [2.2489, 2.2489, 2.2489,  ..., 1.5468, 2.2489, 2.2489]],

         [[2.4286, 2.4286, 2.4286,  ..., 2.4286, 2.4286, 2.4286],
          [2.4286, 2.4286, 2.4286,  ..., 2.4286, 2.4286, 2.4286],
          [2.4286, 2.4286, 2.4286,  ..., 2.4286, 2.4286, 2.4286],
          ...,
          [2.4286, 2.4286, 2.4286,  ..., 1.7108, 2.4286, 2.4286],
          [2.4286, 2.4286, 2.4286,  ..., 1.7108, 2.4286, 2.4286],
          [2.4286, 2.4286, 2.4286,  ..., 1.7108, 2.4286, 2.4286]],

         [[2.6400, 2.6400, 2.6400,  ..., 2.6400, 2.6400, 2.6400],
          [2.6400, 2.6400, 2.6400,  ..., 2.6400, 2.6400, 2.6400],
          [2.6400, 2.6400, 2.6400,  ..., 2.6400, 2.6400, 2.6400],
          ...,
          [2.6400, 2.6400, 2.6400,  ..., 1.9254, 2.6400, 2.6400],
          [2.6400, 2.6400, 2.6400,  ..., 1.9254, 2.6400, 2.6400],
          [2.6400, 2.6400, 2.6400,  ..., 1.9254, 2.6400, 2.6400]]],


        [[[2.2489, 2.2489, 2.2489,  ..., 0.8104, 0.5536, 1.1015],
          [2.2489, 2.2489, 2.2489,  ..., 0.7933, 0.5536, 1.1187],
          [2.2489, 2.2489, 2.2489,  ..., 0.7419, 0.5364, 1.1187],
          ...,
          [2.2489, 2.2489, 2.2489,  ..., 2.2489, 2.2489, 2.2489],
          [0.0000, 0.0000, 0.0000,  ..., 0.0000, 0.0000, 0.0000],
          [0.0000, 0.0000, 0.0000,  ..., 0.0000, 0.0000, 0.0000]],

         [[2.4286, 2.4286, 2.4286,  ..., 0.9580, 0.6954, 1.2556],
          [2.4286, 2.4286, 2.4286,  ..., 0.9405, 0.6954, 1.2731],
          [2.4286, 2.4286, 2.4286,  ..., 0.8880, 0.6779, 1.2731],
          ...,
          [2.4286, 2.4286, 2.4286,  ..., 2.4286, 2.4286, 2.4286],
          [0.0000, 0.0000, 0.0000,  ..., 0.0000, 0.0000, 0.0000],
          [0.0000, 0.0000, 0.0000,  ..., 0.0000, 0.0000, 0.0000]],

         [[2.6400, 2.6400, 2.6400,  ..., 1.1759, 0.9145, 1.4722],
          [2.6400, 2.6400, 2.6400,  ..., 1.1585, 0.9145, 1.4897],
          [2.6400, 2.6400, 2.6400,  ..., 1.1062, 0.8971, 1.4897],
          ...,
          [2.6400, 2.6400, 2.6400,  ..., 2.6400, 2.6400, 2.6400],
          [0.0000, 0.0000, 0.0000,  ..., 0.0000, 0.0000, 0.0000],
          [0.0000, 0.0000, 0.0000,  ..., 0.0000, 0.0000, 0.0000]]],


        [[[2.2489, 2.2489, 2.2489,  ..., 2.2489, 2.2489, 2.2489],
          [2.2489, 2.2489, 2.2489,  ..., 2.2489, 2.2489, 2.2489],
          [2.2489, 2.2489, 2.2489,  ..., 2.2489, 2.2489, 2.2489],
          ...,
          [0.0000, 0.0000, 0.0000,  ..., 0.0000, 0.0000, 0.0000],
          [0.0000, 0.0000, 0.0000,  ..., 0.0000, 0.0000, 0.0000],
          [0.0000, 0.0000, 0.0000,  ..., 0.0000, 0.0000, 0.0000]],

         [[2.4286, 2.4286, 2.4286,  ..., 2.4286, 2.4286, 2.4286],
          [2.4286, 2.4286, 2.4286,  ..., 2.4286, 2.4286, 2.4286],
          [2.4286, 2.4286, 2.4286,  ..., 2.4286, 2.4286, 2.4286],
          ...,
          [0.0000, 0.0000, 0.0000,  ..., 0.0000, 0.0000, 0.0000],
          [0.0000, 0.0000, 0.0000,  ..., 0.0000, 0.0000, 0.0000],
          [0.0000, 0.0000, 0.0000,  ..., 0.0000, 0.0000, 0.0000]],

         [[2.6400, 2.6400, 2.6400,  ..., 2.6400, 2.6400, 2.6400],
          [2.6400, 2.6400, 2.6400,  ..., 2.6400, 2.6400, 2.6400],
          [2.6400, 2.6400, 2.6400,  ..., 2.6400, 2.6400, 2.6400],
          ...,
          [0.0000, 0.0000, 0.0000,  ..., 0.0000, 0.0000, 0.0000],
          [0.0000, 0.0000, 0.0000,  ..., 0.0000, 0.0000, 0.0000],
          [0.0000, 0.0000, 0.0000,  ..., 0.0000, 0.0000, 0.0000]]],


        [[[2.2489, 2.2489, 2.2489,  ..., 2.2489, 2.2489, 2.2489],
          [2.2489, 2.2489, 2.2489,  ..., 2.2489, 2.2489, 2.2489],
          [2.2489, 2.2489, 2.2489,  ..., 2.2489, 2.2489, 2.2489],
          ...,
          [0.0000, 0.0000, 0.0000,  ..., 0.0000, 0.0000, 0.0000],
          [0.0000, 0.0000, 0.0000,  ..., 0.0000, 0.0000, 0.0000],
          [0.0000, 0.0000, 0.0000,  ..., 0.0000, 0.0000, 0.0000]],

         [[2.4286, 2.4286, 2.4286,  ..., 2.4286, 2.4286, 2.4286],
          [2.4286, 2.4286, 2.4286,  ..., 2.4286, 2.4286, 2.4286],
          [2.4286, 2.4286, 2.4286,  ..., 2.4286, 2.4286, 2.4286],
          ...,
          [0.0000, 0.0000, 0.0000,  ..., 0.0000, 0.0000, 0.0000],
          [0.0000, 0.0000, 0.0000,  ..., 0.0000, 0.0000, 0.0000],
          [0.0000, 0.0000, 0.0000,  ..., 0.0000, 0.0000, 0.0000]],

         [[2.6400, 2.6400, 2.6400,  ..., 2.6400, 2.6400, 2.6400],
          [2.6400, 2.6400, 2.6400,  ..., 2.6400, 2.6400, 2.6400],
          [2.6400, 2.6400, 2.6400,  ..., 2.6400, 2.6400, 2.6400],
          ...,
          [0.0000, 0.0000, 0.0000,  ..., 0.0000, 0.0000, 0.0000],
          [0.0000, 0.0000, 0.0000,  ..., 0.0000, 0.0000, 0.0000],
          [0.0000, 0.0000, 0.0000,  ..., 0.0000, 0.0000, 0.0000]]]])