({'boxes': tensor([[0.6262, 0.4985, 0.0847, 0.9750],
        [0.9065, 0.5007, 0.1637, 0.9750],
        [0.7462, 0.5007, 0.1540, 0.9750],
        [0.2959, 0.5007, 0.5760, 0.9750],
        [0.4978, 0.0494, 0.9854, 0.0725],
        [0.4964, 0.5347, 0.9854, 0.8959]]), 'labels': tensor([1, 1, 1, 1, 2, 2]), 'image_id': tensor([0]), 'area': tensor([220782.0625, 327120.6562, 272471.7500, 193253.5312,  28410.9473,
        325530.0938]), 'iscrowd': tensor([0, 0, 0, 0, 0, 0]), 'orig_size': tensor([460, 728]), 'size': tensor([460, 728])}, {'boxes': tensor([[0.2993, 0.4980, 0.5847, 0.9776],
        [0.9124, 0.5031, 0.1623, 0.9745],
        [0.7520, 0.5014, 0.1580, 0.9744],
        [0.6335, 0.5014, 0.0805, 0.9744],
        [0.5000, 0.5339, 0.9895, 0.9109],
        [0.5017, 0.0425, 0.9895, 0.0666]]), 'labels': tensor([1, 1, 1, 1, 2, 2]), 'image_id': tensor([1]), 'area': tensor([191717.3125, 323130.3125, 269779.5312, 218750.9688, 323203.5000,
         24820.3340]), 'iscrowd': tensor([0, 0, 0, 0, 0, 0]), 'orig_size': tensor([455, 722]), 'size': tensor([455, 722])}, {'boxes': tensor([[0.9203, 0.5009, 0.1483, 0.9745],
        [0.4294, 0.5009, 0.5590, 0.9745],
        [0.0779, 0.5022, 0.1387, 0.9745],
        [0.7782, 0.5033, 0.1388, 0.9745],
        [0.5008, 0.0952, 0.9860, 0.0362],
        [0.5001, 0.0449, 0.9860, 0.0648]]), 'labels': tensor([1, 1, 1, 1, 2, 2]), 'image_id': tensor([2]), 'area': tensor([304015.8438, 216696.1406,  45061.5000, 259738.8438,  34836.0273,
         23746.9336]), 'iscrowd': tensor([0, 0, 0, 0, 0, 0]), 'orig_size': tensor([419, 738]), 'size': tensor([419, 738])}, {'boxes': tensor([[0.7777, 0.5054, 0.1348, 0.9717],
        [0.9185, 0.5007, 0.1479, 0.9776],
        [0.0782, 0.5007, 0.1428, 0.9776],
        [0.4308, 0.5007, 0.5625, 0.9776],
        [0.4985, 0.1006, 0.9857, 0.0472],
        [0.4996, 0.0444, 0.9857, 0.0650]]), 'labels': tensor([1, 1, 1, 1, 2, 2]), 'image_id': tensor([3]), 'area': tensor([259891.7031, 304654.1562,  45913.5430, 218572.9844,  38199.7188,
         23679.8809]), 'iscrowd': tensor([0, 0, 0, 0, 0, 0]), 'orig_size': tensor([419, 741]), 'size': tensor([419, 741])})